$ 1 0.000005 10.20027730826997 41 5 43 5e-11
L -176 -16 -176 -64 0 0 false 3.7 0
L -16 -16 -16 -64 0 0 false 3.7 0
v 704 -32 704 16 0 0 40 3.7 0 0 0.5
r 496 16 704 16 0 10000
w 336 16 336 32 0
w 704 16 704 32 0
r 336 32 704 32 0 10000
s 336 64 288 64 0 0 false
s 336 112 288 112 0 0 false
s 496 64 448 64 0 1 false
s 496 112 448 112 0 1 false
d 448 64 432 80 2 default
d 288 112 272 128 2 default
d 448 112 432 128 2 default
d 288 64 272 80 2 default
w 272 80 432 80 0
w 432 128 272 128 0
w 336 64 336 32 0
w 336 112 336 64 0
w 496 112 496 64 0
w 496 64 496 16 0
M -112 240 -192 240 0 2.5
M -112 288 -192 288 0 2.5
L 272 80 192 80 0 0 false 3.7 0
L 272 128 192 128 0 1 false 3.7 0
M 336 16 336 -32 0 2.5
M 496 16 496 -32 0 2.5
